1 0.9917708333333334 0.27025925925925925 0.016458333333333335 0.12495370370370369
1 0.9644895833333333 0.4475 0.03690104166666666 0.135
1 0.39932812500000003 0.5645555555555556 0.06907291666666666 0.22097222222222224
1 0.47401041666666666 0.5777037037037037 0.06635416666666667 0.13244444444444445
0 0.42339062499999996 0.4778703703703704 0.019281250000000003 0.032777777777777774
1 0.47776041666666663 0.4387962962962963 0.0321875 0.1287037037037037
1 0.5135885416666667 0.4460185185185185 0.037182291666666666 0.1024074074074074
1 0.45973958333333337 0.46324074074074073 0.039901041666666665 0.0887037037037037
0 0.47369791666666666 0.5297314814814815 0.030312500000000003 0.03278703703703703
0 0.4806770833333333 0.39508333333333334 0.021354166666666667 0.041277777777777774
0 0.5105729166666666 0.41175 0.016557291666666665 0.03757407407407407
0 0.9680312499999999 0.3986018518518519 0.014817708333333334 0.037203703703703704