1 0.39974479166666665 0.5167777777777778 0.036578125 0.2217037037037037
0 0.41036979166666665 0.43045370370370367 0.02865625 0.04165740740740741
1 0.46203125 0.46638888888888885 0.031984374999999995 0.07351851851851852
1 0.48234375 0.4154537037037037 0.03302083333333333 0.07462037037037038
0 0.48140625 0.40730555555555553 0.0165625 0.028685185185185185
1 0.5155677083333333 0.4708333333333333 0.034890624999999995 0.10019444444444443
0 0.5155729166666666 0.4452777777777778 0.018223958333333335 0.04165740740740741
1 0.47171875 0.5723333333333334 0.0659375 0.1254074074074074
0 0.46921874999999996 0.5330648148148148 0.027609375 0.032046296296296295
1 0.9688645833333334 0.4450925925925926 0.024817708333333334 0.11907407407407407
0 0.9704270833333334 0.40137962962962964 0.013359375 0.03164814814814815
1 0.8698125 0.15838888888888888 0.024625 0.10862962962962962