1 0.9759479166666666 0.4538055555555556 0.03897916666666667 0.16982407407407407
0 0.98053125 0.4019351851851852 0.014812500000000001 0.03646296296296297
1 0.4743229166666667 0.5897407407407407 0.08572395833333334 0.12318518518518518
1 0.45765625000000004 0.47879629629629633 0.04406770833333333 0.07537037037037038
1 0.48078125 0.4258333333333333 0.0278125 0.125
1 0.5104635416666666 0.40879629629629627 0.03843229166666667 0.17981481481481482
0 0.4866145833333333 0.3915648148148148 0.0228125 0.030527777777777775
0 0.49973958333333335 0.35303703703703704 0.019895833333333335 0.027555555555555555
1 0.3925572916666667 0.5525277777777778 0.05761458333333334 0.2746759259259259
0 0.3869375 0.4456481481481482 0.025536458333333335 0.03499074074074074
1 0.8863749999999999 0.08300925925925927 0.01816145833333333 0.07267592592592592