1 0.9673020833333333 0.4654722222222222 0.04460416666666667 0.16723148148148148
0 0.9680312499999999 0.39563888888888893 0.014817708333333334 0.03127777777777778
1 0.400578125 0.5688240740740741 0.07157291666666667 0.23319444444444443
0 0.419328125 0.4730555555555555 0.025739583333333333 0.030555555555555555
1 0.47380208333333335 0.5821481481481482 0.07010416666666666 0.1413333333333333
1 0.45755208333333336 0.4691666666666667 0.037609374999999994 0.08574074074074074
1 0.47578125 0.4423148148148148 0.034479166666666665 0.12462962962962962
1 0.5164010416666667 0.4571296296296296 0.036557291666666665 0.10389814814814814
0 0.5118229166666667 0.4341574074074074 0.019057291666666667 0.03425
0 0.48317708333333337 0.40730555555555553 0.018020833333333333 0.0435
0 0.47067708333333336 0.5297314814814815 0.026354166666666668 0.03278703703703703