1 0.4081822916666667 0.5693796296296296 0.05969791666666667 0.22319444444444445
1 0.46765625 0.5921481481481481 0.0890625 0.15393518518518517
0 0.42578645833333334 0.47750000000000004 0.02615625 0.03944444444444445
0 0.47140625 0.5297314814814815 0.029895833333333333 0.03278703703703703
1 0.45807291666666666 0.4628703703703704 0.03656770833333333 0.08055555555555556
1 0.48098958333333336 0.43472222222222223 0.025729166666666668 0.1398148148148148
0 0.48473958333333333 0.3930462962962963 0.014895833333333334 0.0335
1 0.515359375 0.4326851851851852 0.038640625 0.135
0 0.5133854166666667 0.39119444444444446 0.015932291666666668 0.037203703703703704
1 0.96678125 0.4463888888888889 0.03731770833333334 0.1401851851851852
0 0.9690729166666666 0.3963796296296296 0.012734375 0.03275925925925926
1 0.9819895833333334 0.2489537037037037 0.021895833333333333 0.13791666666666666