1 0.4003697916666667 0.5595555555555556 0.05865625 0.23689814814814814
1 0.4591145833333333 0.4710185185185185 0.034484375 0.08203703703703703
1 0.9487656250000001 0.22858333333333333 0.038359375 0.11938888888888889
1 0.9685520833333333 0.4475 0.03877083333333333 0.135
1 0.48463541666666665 0.4386111111111111 0.026770833333333334 0.13203703703703704
1 0.51640625 0.4310185185185185 0.046552083333333334 0.13537037037037036
1 0.47213541666666664 0.5840000000000001 0.07510416666666667 0.14652777777777778
0 0.417140625 0.4593518518518519 0.02344791666666667 0.04017592592592593
0 0.47296875 0.5295462962962962 0.026770833333333334 0.036120370370370365
0 0.4868229166666667 0.3897129629629629 0.0190625 0.03423148148148148
0 0.5206770833333334 0.3808240740740741 0.018015625 0.03126851851851852
0 0.9698020833333333 0.3965648148148148 0.016276041666666668 0.02942592592592593