1 0.2569427083333333 0.595675925925926 0.073890625 0.2683888888888889
1 0.340375 0.5575277777777777 0.047 0.24393518518518517
1 0.39411979166666666 0.5564166666666667 0.037828125 0.2639351851851852
1 0.45973958333333337 0.46175925925925926 0.03156770833333333 0.08574074074074074
1 0.47317708333333336 0.5801111111111111 0.08634895833333332 0.1661574074074074
1 0.8848125 0.12171296296296295 0.02128645833333333 0.08713888888888889
1 0.9713645833333333 0.4489814814814815 0.04647916666666666 0.13797222222222222
0 0.23913541666666666 0.5036111111111111 0.027854166666666666 0.043527777777777776
0 0.33797916666666666 0.45787037037037037 0.031796874999999995 0.03721296296296296
0 0.3915208333333334 0.4519444444444445 0.026369791666666666 0.04017592592592593
0 0.4833854166666667 0.5158425925925926 0.0309375 0.04575
0 0.9816770833333333 0.4078611111111111 0.019187500000000003 0.0335