1 0.38832065217391304 0.512688588007737 0.038168478260869575 0.23156673114119927
0 0.39940760869565217 0.42252417794970987 0.029902173913043468 0.04351063829787235
1 0.45331521739130437 0.46005802707930366 0.033375000000000044 0.07678916827852995
1 0.47451086956521743 0.4068568665377176 0.03445652173913048 0.07794003868471956
0 0.47353260869565217 0.3983462282398452 0.01728260869565215 0.029961315280464234
1 0.509179347826087 0.4647001934235977 0.036407608695652176 0.10465183752417799
0 0.5091847826086956 0.43800773694390716 0.019016304347826092 0.04351063829787235
1 0.4634239130434783 0.570715667311412 0.06880434782608691 0.13098646034816253
0 0.4608152173913043 0.5297001934235978 0.02880978260869565 0.03347195357833646
1 0.9821847826086957 0.4378143133462282 0.02589673913043483 0.12437137330754354
0 0.9838152173913044 0.39215667311411995 0.013940217391304396 0.033056092843326834
1 0.8788260869565218 0.1383558994197292 0.02569565217391315 0.1134622823984526