1 0.9877659574468085 0.45652173913043476 0.02446808510638298 0.16257088846880907
1 0.39261170212765956 0.5222022684310019 0.04650531914893621 0.2478166351606806
1 0.466968085106383 0.46623818525519845 0.035643617021276594 0.10563327032136105
1 0.5166436170212766 0.47134215500945176 0.03499468085106381 0.11962192816635156
1 0.4499021287234043 0.632500888468809 0.4660696702127659 0.6355261956521739 0.5018084558510638 0.632500888468809 0.512870410106383 0.596196624763705 0.5077648877659574 0.5538416880907373 0.47542980478723407 0.5372022088846881 0.45245492234042556 0.519050134215501 0.45075310319148937 0.5432529395085066 0.45756044468085105 0.5689684546313799 0.4396910840425532 0.588633241020794 0.4371382904255319 0.6007346427221173 0.4252254265957447 0.6113233913043479 0.4141634074468085 0.6219121398865785 0.42607633617021273 0.6476276559546313 0.4499021287234043 0.632500888468809
1 0.4783510638297872 0.40970699432892255 0.034999999999999976 0.06439508506616257
0 0.39931382978723406 0.4119754253308129 0.027994680851063887 0.038686200378071786
0 0.46101063829787237 0.5371266540642722 0.023728723404255265 0.03948015122873344
0 0.4872872340425532 0.39986767485822305 0.02734042553191494 0.04473534971644616
0 0.5171808510638297 0.4350378071833648 0.025420212765957427 0.0470132325141777
0 0.9925531914893617 0.3927221172022684 0.014893617021276596 0.04253308128544423