1 0.40016145833333333 0.5234444444444445 0.037411458333333335 0.23503703703703704
1 0.46765625 0.5778888888888889 0.07239583333333334 0.12911111111111112
0 0.46671875 0.5251018518518519 0.022609374999999998 0.04204629629629629
1 0.4709895833333333 0.4710185185185185 0.04572916666666667 0.08500925925925926
1 0.512234375 0.46824074074074074 0.036557291666666665 0.10241666666666667
1 0.9728229166666666 0.45638888888888884 0.0285625 0.15278703703703703
1 0.8615833333333334 0.1522777777777778 0.014416666666666666 0.10011111111111111
1 0.4780729166666667 0.4128611111111111 0.043229166666666666 0.06201851851851852
0 0.401828125 0.42323148148148143 0.024078125 0.038314814814814815
0 0.4834895833333333 0.40119444444444446 0.020729166666666667 0.03498148148148148
0 0.5136979166666666 0.4419444444444445 0.018640625 0.04239814814814815
0 0.9725104166666667 0.3998981481481481 0.017526041666666665 0.0435