1 0.9845744680851064 0.4607750472589792 0.030851063829787233 0.17296786389413987
0 0.9930851063829788 0.40784499054820417 0.013829787234042552 0.036862003780718335
1 0.476968085106383 0.6001134215500945 0.08754787234042549 0.12574669187145554
1 0.45994680851063835 0.48686200378071837 0.045005319148936115 0.0769376181474481
1 0.48356382978723406 0.4327977315689981 0.028404255319148985 0.1275992438563327
1 0.5138776595744681 0.41540642722117205 0.03924999999999998 0.18355387523629493
0 0.4895212765957447 0.3978166351606805 0.023297872340425508 0.031162570888468834
0 0.5029255319148936 0.3584877126654064 0.020319148936170237 0.028128544423440444
1 0.39346276595744684 0.5621266540642722 0.05884042553191483 0.2803875236294897
0 0.38772340425531915 0.45302457466918716 0.02607978723404254 0.03571833648393191
1 0.8977872340425531 0.08284499054820417 0.018547872340425473 0.07418714555765596