1 0.1191150442477876 0.46366141732283467 0.06359882005899706 0.30160104986876646
1 0.178547197640118 0.5975459317585302 0.04382743362831855 0.3698818897637797
1 0.2713126843657817 0.4741469816272966 0.0494174041297935 0.11259842519685033
1 0.2837020648967552 0.6361154855643045 0.10958702064896757 0.22972440944881883
1 0.9830383480825958 0.4330708661417323 0.03392330383480826 0.2099737532808399
0 0.17766224188790558 0.444750656167979 0.03615781710914452 0.05379265091863518
1 0.19285398230088494 0.407742782152231 0.04825221238938058 0.17401574803149608
0 0.11321533923303834 0.34526246719160103 0.028200589970501483 0.05954068241469817
0 0.17707964601769913 0.371509186351706 0.02317846607669617 0.04905511811023622
0 0.3034660766961652 0.5458136482939632 0.03702064896755165 0.06169291338582676
0 0.9970501474926253 0.3733595800524934 0.0058997050147492625 0.04330708661417323