1 0.8678496240601504 0.23430481283422458 0.03433834586466171 0.14668449197860967
1 0.9777593984962406 0.6303475935828877 0.04063909774436104 0.1847593582887701
1 0.14429323308270675 0.7694117647058824 0.07896992481203005 0.33454545454545453
1 0.2662406015037594 0.829572192513369 0.09729323308270675 0.1928342245989305
0 0.2609774436090226 0.7562967914438503 0.03564661654135336 0.056965240641711094
1 0.32984210526315794 0.6733957219251336 0.04706015037593987 0.13717914438502676
1 0.2478947368421053 0.6640374331550802 0.0425639097744361 0.11310160427807489
1 0.2808270676691729 0.6372994652406417 0.04887218045112782 0.1451871657754011
0 0.17060902255639096 0.6239171122994652 0.03836842105263156 0.06495989304812838
0 0.28323308270676695 0.5977139037433155 0.03203007518796994 0.06601604278074866
0 0.32248120300751876 0.6338235294117648 0.023300751879699256 0.058008021390374316
0 0.9851278195488722 0.569639037433155 0.028308270676691796 0.05799465240641711