1 0.9789189189189189 0.48221153846153847 0.04216216216216216 0.17403846153846153
0 0.9819567567567566 0.4098942307692308 0.01537837837837828 0.0324807692307692
1 0.39303243243243247 0.5897403846153847 0.07428108108108113 0.24216346153846144
0 0.4124918918918919 0.4902884615384615 0.026713513513513552 0.03173076923076923
1 0.46902702702702703 0.6035769230769231 0.0727567567567567 0.14676923076923065
1 0.45216216216216215 0.48625 0.03903243243243245 0.08903846153846157
1 0.4710810810810811 0.4583653846153846 0.03578378378378381 0.12942307692307695
1 0.5132378378378378 0.47374999999999995 0.03794054054054057 0.1078942307692308
0 0.5084864864864865 0.44989423076923074 0.019778378378378335 0.035567307692307704
0 0.4787567567567568 0.42200961538461534 0.018702702702702655 0.04517307692307694
0 0.4657837837837838 0.5491442307692308 0.0273513513513513 0.034048076923077