1 0.20753164556962025 0.5554000000000001 0.07413502109704638 0.32231250000000017
1 0.9399648382559775 0.08483750000000001 0.03126582278481015 0.151175
1 0.9796061884669479 0.400625 0.040787623066104076 0.20375
1 0.3252461322081575 0.38487499999999997 0.0367088607594937 0.17125
1 0.3717932489451477 0.387125 0.04710970464135022 0.19075000000000003
1 0.3069620253164557 0.5904 0.10703234880450073 0.1923124999999999
0 0.23045710267229258 0.433625 0.032784810126582284 0.05375
1 0.29163150492264417 0.435625 0.04543600562587905 0.11775000000000006
0 0.9842616033755274 0.3431125 0.021413502109704514 0.04272499999999994
0 0.309493670886076 0.5248875 0.03895921237693388 0.05127499999999998
0 0.3289029535864979 0.3303625 0.02714486638537273 0.052224999999999966
0 0.37348804500703237 0.32036250000000005 0.02348101265822792 0.052212499999999974