1 0.3942380952380952 0.5381544256120527 0.045201058201058235 0.23374764595103578
0 0.40757142857142853 0.44792843691148776 0.021920634920634955 0.03746704331450091
1 0.9703809523809523 0.44472693032015065 0.027116402116402115 0.1372881355932204
0 0.9752486772486773 0.4008380414312618 0.015687830687830737 0.03821092278719401
1 0.46915343915343916 0.5861770244821092 0.07650793650793646 0.12263653483992468
0 0.4657671957671957 0.5340018832391714 0.027412698412698385 0.037109227871939814
1 0.4587830687830688 0.4759887005649718 0.03460846560846565 0.0868173258003767
1 0.48068783068783066 0.43078154425612053 0.03820105820105822 0.0717419962335217
1 0.5156031746031746 0.4748587570621469 0.03607936507936511 0.10716572504708104
0 0.5124338624338625 0.4515065913370998 0.01703174603174606 0.045376647834275
0 0.48248677248677246 0.4177871939736347 0.02275132275132275 0.034444444444444486
1 0.8852063492063492 0.1667231638418079 0.01972486772486783 0.10858757062146893