1 0.2565585106382979 0.5910491493383744 0.07546276595744682 0.27396975425330805
1 0.3417659574468085 0.5521077504725898 0.04800000000000001 0.24900756143667302
1 0.39665425531914894 0.5509735349716446 0.038632978723404314 0.26942344045368616
1 0.4636702127659575 0.4543478260869565 0.03223936170212761 0.08752362948960304
1 0.4773936170212766 0.5751606805293006 0.08818617021276594 0.16961247637051044
1 0.8977872340425531 0.10723062381852551 0.0217393617021276 0.08895085066162572
1 0.9811170212765957 0.44092627599243855 0.03776595744680851 0.14083175803402648
0 0.2383723404255319 0.49706994328922494 0.028446808510638306 0.0444328922495274
0 0.3393191489361702 0.4503780718336484 0.032473404255319124 0.03798676748582236
0 0.394 0.4443289224952741 0.026930851063829846 0.04101134215500944
0 0.48781914893617023 0.5095557655954631 0.031595744680851114 0.04670132325141785
0 0.9933510638297872 0.3988657844990548 0.013297872340425532 0.034026465028355386