1 0.97271875 0.44935185185185184 0.0304375 0.16093518518518518
0 0.9716770833333332 0.39712037037037035 0.015859375 0.03424074074074074
1 0.39359895833333336 0.5512222222222223 0.055531250000000004 0.23875000000000002
0 0.403078125 0.45046296296296295 0.026578125 0.03721296296296296
1 0.4727604166666667 0.5771481481481482 0.0721875 0.12762962962962962
1 0.46088541666666666 0.4734259259259259 0.027609375 0.08314814814814815
1 0.48161458333333335 0.45157407407407407 0.026145833333333333 0.1061111111111111
0 0.48671875 0.4230462962962963 0.0209375 0.04164814814814814
1 0.51140625 0.45861111111111114 0.034890624999999995 0.09796296296296296
0 0.5153645833333333 0.4363796296296297 0.02197395833333333 0.03869444444444444
0 0.47088541666666667 0.5299166666666666 0.0309375 0.029453703703703704
1 0.8957447916666667 0.18246296296296297 0.024411458333333334 0.10493518518518519