1 0.9801145833333333 0.4667685185185185 0.03897916666666667 0.18835185185185185
0 0.9932395833333333 0.4154537037037037 0.0110625 0.044981481481481476
1 0.3985989583333333 0.5208518518518518 0.04886458333333333 0.25207407407407406
0 0.3972447916666667 0.4245277777777778 0.031578125 0.044620370370370366
1 0.4747395833333333 0.5773333333333334 0.06989583333333332 0.12429629629629631
0 0.46328125 0.5299166666666666 0.026151041666666666 0.04426851851851852
1 0.47192708333333333 0.47324074074074074 0.037187500000000005 0.08648148148148149
1 0.48182291666666666 0.4239722222222222 0.0340625 0.06943518518518518
0 0.4849479166666667 0.40341666666666665 0.0278125 0.03942592592592593
1 0.5128645833333334 0.4710185185185185 0.033640625 0.0968611111111111
0 0.51546875 0.44675925925925924 0.020098958333333337 0.044620370370370366