1 0.8902291666666666 0.16783333333333333 0.023786458333333333 0.1015925925925926
1 0.9663645833333334 0.44212962962962965 0.028151041666666664 0.12796296296296295
1 0.389015625 0.5384444444444444 0.054703125 0.23170370370370372
1 0.47348958333333335 0.5801111111111111 0.06739583333333334 0.13355555555555557
0 0.46984375 0.5293611111111112 0.02469270833333333 0.039453703703703706
1 0.5175468750000001 0.47194444444444444 0.03259895833333334 0.09500925925925927
1 0.46078125000000003 0.46546296296296297 0.029484375 0.07833333333333332
1 0.48359375 0.4469444444444444 0.033854166666666664 0.10055555555555555
0 0.40724479166666666 0.4376759259259259 0.026578125 0.04499074074074074
0 0.4852604166666667 0.4195277777777778 0.022187500000000002 0.04572222222222223
0 0.5124479166666667 0.44453703703703706 0.016140625 0.04017592592592593
0 0.97146875 0.4000833333333333 0.019609375 0.04016666666666667