1 0.40355026455026455 0.5762052730696798 0.060645502645502586 0.22697740112994347
1 0.463968253968254 0.5993596986817326 0.09047619047619047 0.1565442561205273
0 0.42143386243386244 0.48276836158192094 0.026571428571428586 0.0401129943502824
0 0.4677777777777778 0.5358851224105462 0.03037037037037042 0.03334274952919029
1 0.4542328042328042 0.46789077212806024 0.037148148148148166 0.08192090395480225
1 0.4775132275132275 0.4392655367231638 0.026137566137566185 0.14218455743879474
0 0.4813227513227514 0.39688323917137475 0.015132275132275084 0.03406779661016945
1 0.5124285714285715 0.4371939736346516 0.039253968253968284 0.1372881355932204
0 0.5104232804232804 0.395 0.016185185185185143 0.037834274952918974
1 0.971015873015873 0.45112994350282487 0.037910052910052956 0.14256120527306976
0 0.9733439153439153 0.4002730696798493 0.01293650793650784 0.033314500941619585
1 0.9864656084656085 0.2503483992467043 0.022243386243386225 0.14025423728813563