1 0.39495312499999996 0.5489999999999999 0.05615625 0.23430555555555557
1 0.913765625 0.1869074074074074 0.02503125 0.11382407407407408
1 0.9690729166666666 0.4400925925925926 0.02940104166666667 0.135
1 0.46890624999999997 0.5756666666666667 0.08322916666666667 0.12466666666666665
1 0.4555729166666667 0.46749999999999997 0.039901041666666665 0.08611111111111111
1 0.4838020833333333 0.4502777777777778 0.020104166666666666 0.09981481481481481
1 0.515984375 0.4412037037037037 0.04405729166666667 0.115
0 0.4091197916666667 0.4626851851851852 0.02615625 0.03944444444444445
0 0.46953125 0.5263981481481481 0.030312500000000003 0.03352777777777778
0 0.4849479166666667 0.4206388888888889 0.019479166666666665 0.04053703703703704
0 0.5144270833333333 0.40471296296296294 0.02218229166666667 0.04572222222222223
0 0.9710520833333334 0.3965648148148148 0.018776041666666667 0.04424074074074074