1 0.39505729166666664 0.5252962962962964 0.045953125000000004 0.24614814814814812
0 0.4603645833333333 0.5338055555555555 0.028651041666666665 0.048351851851851854
1 0.4669270833333333 0.4721296296296296 0.052187500000000005 0.10649074074074075
1 0.4705729166666667 0.5764074074074074 0.06989583333333332 0.12614814814814815
1 0.5195260416666667 0.47194444444444444 0.04697395833333333 0.10982407407407407
1 0.9768854166666666 0.4669537037037037 0.03877083333333333 0.17019444444444445
1 0.47317708333333336 0.4156388888888889 0.04802083333333333 0.05646296296296296
0 0.40099479166666663 0.42045370370370366 0.022411458333333335 0.04387037037037037
0 0.48515625 0.4086018518518519 0.0240625 0.03498148148148148
0 0.517234375 0.43916666666666665 0.029890625 0.0479537037037037
0 0.98865625 0.4098981481481481 0.0185625 0.041277777777777774