1 0.9646777777777779 0.21983201581027664 0.03002777777777788 0.13650197628458496
1 0.9682333333333333 0.4437747035573123 0.037133333333333414 0.1535573122529645
1 0.36195 0.5637549407114625 0.06234444444444446 0.23937747035573123
1 0.44016666666666665 0.5880632411067194 0.07655555555555553 0.1496442687747036
0 0.38250555555555554 0.46828063241106715 0.021233333333333347 0.044466403162055336
1 0.4236111111111111 0.46472332015810286 0.036783333333333355 0.09268774703557307
1 0.4468333333333333 0.43033596837944665 0.02766666666666664 0.14249011857707514
1 0.4867166666666667 0.42401185770750993 0.04743888888888895 0.14565217391304344
0 0.4350555555555556 0.53449604743083 0.026338888888888936 0.03854743083003952
0 0.4518333333333333 0.3888241106719368 0.017666666666666643 0.03575098814229244
0 0.4856111111111111 0.3765711462450593 0.0229944444444445 0.0349505928853755
0 0.9674555555555556 0.3902075098814229 0.015583333333333435 0.026650197628458525