1 0.40790860215053765 0.5681835564053538 0.06054838709677413 0.24459847036328863
1 0.4685483870967742 0.47676864244741873 0.035596774193548404 0.08470363288718931
1 0.973994623655914 0.22645315487571702 0.039596774193548435 0.12326959847036334
1 0.9870967741935484 0.4521988527724665 0.025806451612903226 0.13957934990439771
1 0.49489247311827955 0.44330783938814533 0.027634408602150586 0.13632887189292545
1 0.5276881720430108 0.43546845124282985 0.04805376344086027 0.13977055449330789
1 0.48198924731182796 0.5934225621414915 0.07752688172043014 0.1512906309751434
0 0.42522043010752686 0.4647227533460803 0.024204301075268806 0.04148183556405352
0 0.4828494623655914 0.5371988527724665 0.027634408602150586 0.0372944550669216
0 0.49715053763440864 0.3928202676864245 0.01967741935483866 0.035344168260038264
0 0.5320967741935484 0.38364244741873804 0.018596774193548344 0.03228489483747608
0 0.9935483870967742 0.39961759082217974 0.012903225806451613 0.030592734225621414