1 0.9779270833333332 0.46174074074074073 0.028354166666666666 0.15977777777777777
1 0.392765625 0.5254537037037037 0.045536458333333335 0.24276851851851852
1 0.46557291666666667 0.4706296296296296 0.03490104166666667 0.10348148148148148
1 0.5142135416666667 0.47562962962962957 0.034265625 0.11718518518518518
1 0.43886418642379244 0.5905314525399373 0.4563612685646056 0.571267245669028 0.4496957467607277 0.5460755644400304 0.45136211131976384 0.5223657800648472 0.4738583507054189 0.5401480900819421 0.5055197858689727 0.5564486163023923 0.5105189431138147 0.5979407672232552 0.4996874463446128 0.6335055003146147 0.4646932184952533 0.636469180965074 0.44886250091347624 0.6335055003146147 0.425533079248303 0.6483241296812504 0.4138683366318498 0.6231324484522528 0.4246998969687849 0.6127593965898909 0.4363645760175049 0.6023863447275289
1 0.47671874999999997 0.41525 0.034270833333333334 0.06308333333333332
0 0.39932812500000003 0.41747222222222224 0.027411458333333336 0.037898148148148146
0 0.45973958333333337 0.540074074074074 0.023234374999999998 0.038675925925925926
0 0.48546875 0.4056111111111111 0.026770833333333334 0.04382407407407407
0 0.5147395833333334 0.4400648148148148 0.024890625 0.04605555555555556
0 0.98303125 0.3991296296296296 0.0198125 0.04197222222222222