1 0.35391666666666666 0.4604722222222222 0.04491666666666667 0.2127962962962963
1 0.395890625 0.5549351851851853 0.030953125 0.2609722222222222
1 0.46140624999999996 0.4678703703703704 0.03490104166666667 0.07944444444444444
1 0.47015625 0.5821481481481482 0.07739583333333333 0.16208333333333336
1 0.8856458333333334 0.10189814814814814 0.022953125 0.07342592592592592
1 0.9734479166666666 0.4393518518518518 0.042312499999999996 0.14833333333333332
0 0.395265625 0.4471296296296296 0.025536458333333335 0.037953703703703705
1 0.4059947916666667 0.4210185185185185 0.034078125 0.12277777777777778
0 0.34975 0.37693518518518515 0.01991666666666667 0.04200925925925926
0 0.3948541666666667 0.3954537037037037 0.016369791666666668 0.03461111111111111
0 0.48411458333333335 0.5184351851851852 0.026145833333333333 0.043527777777777776
0 0.9812604166666666 0.3973055555555555 0.018354166666666668 0.03090740740740741