1 0.397453125 0.531962962962963 0.04449479166666667 0.22985185185185186
0 0.41057812499999996 0.4432407407407407 0.021578125 0.03684259259259259
1 0.96459375 0.4400925925925926 0.026692708333333332 0.135
0 0.9693854166666667 0.39693518518518517 0.015442708333333333 0.03757407407407407
1 0.4711979166666667 0.5791851851851851 0.07531249999999999 0.1205925925925926
0 0.4678645833333333 0.5278796296296296 0.026984375 0.03649074074074074
1 0.46098958333333334 0.4708333333333333 0.03406770833333333 0.08537037037037037
1 0.4825520833333333 0.42637962962962966 0.03760416666666667 0.07054629629629629
1 0.516921875 0.4697222222222222 0.035515625 0.10537962962962963
0 0.5138020833333333 0.44675925925925924 0.016765625 0.044620370370370366
0 0.48432291666666666 0.41360185185185183 0.022395833333333334 0.03387037037037037
1 0.88075 0.16672222222222222 0.01941666666666667 0.10677777777777778