1 0.38974479166666665 0.5519722222222222 0.04991145833333333 0.2698611111111111
1 0.47723958333333333 0.5847407407407407 0.07489583333333334 0.15393518518518517
1 0.4631770833333333 0.4778703703703704 0.0446875 0.07722222222222223
1 0.48151041666666666 0.4230555555555555 0.03135416666666667 0.11573148148148148
1 0.5180677083333334 0.41120370370370374 0.039890625 0.1512962962962963
1 0.88825 0.08356481481481481 0.017744791666666666 0.06267592592592593
1 0.9738645833333333 0.4482407407407408 0.0348125 0.13648148148148148
0 0.3886041666666667 0.4434259259259259 0.028869791666666665 0.045361111111111116
0 0.4752604166666667 0.5197314814814814 0.0271875 0.03500925925925926
0 0.48828125 0.3961944444444444 0.017812500000000002 0.03609259259259259
0 0.9815729166666666 0.39878703703703705 0.012729166666666668 0.03387037037037037
0 0.5106770833333333 0.36396296296296293 0.023015624999999998 0.03830555555555555