1 0.3956822916666667 0.5195555555555555 0.034703124999999994 0.2457777777777778
1 0.46911458333333333 0.5877037037037037 0.0878125 0.1302222222222222
1 0.9775104166666666 0.4486111111111111 0.035854166666666666 0.1446388888888889
1 0.4646354166666667 0.46675925925925926 0.035109375 0.09944444444444445
1 0.5139010416666667 0.4734259259259259 0.039890625 0.11278703703703703
1 0.4780729166666667 0.4139722222222222 0.034895833333333334 0.08647222222222223
0 0.3984947916666667 0.4178611111111111 0.025744791666666666 0.03127777777777778
0 0.46140624999999996 0.5360277777777778 0.018234375 0.037981481481481484
0 0.48390625000000004 0.39934259259259264 0.0215625 0.038685185185185184
0 0.51515625 0.44472222222222224 0.025723958333333335 0.05165740740740741
0 0.98584375 0.39934259259259264 0.019187500000000003 0.038685185185185184