1 0.4035989583333333 0.5623333333333334 0.05886458333333333 0.2313425925925926
1 0.45973958333333337 0.5778888888888889 0.09322395833333334 0.13503703703703704
0 0.42005729166666667 0.4728703703703704 0.020947916666666667 0.04870370370370371
1 0.45953125 0.47750000000000004 0.026984375 0.08389814814814815
1 0.96646875 0.4534259259259259 0.034609375000000005 0.16167592592592595
1 0.4800520833333334 0.4406481481481481 0.027604166666666666 0.125
1 0.5157760416666667 0.46564814814814814 0.03947395833333334 0.1194537037037037
0 0.47994791666666664 0.40100925925925923 0.017812500000000002 0.038314814814814815
0 0.5097395833333334 0.4313796296296296 0.014890625 0.03980555555555556
0 0.47265625 0.5312129629629629 0.0240625 0.03575
0 0.9676145833333333 0.3963796296296296 0.013984375 0.03275925925925926