1 0.97928125 0.45862037037037034 0.0373125 0.15723148148148147
1 0.39359895833333336 0.519 0.047203125 0.24096296296296296
1 0.4649479166666667 0.5827037037037037 0.0878125 0.13133333333333333
0 0.4599479166666667 0.5349166666666667 0.019484374999999998 0.043166666666666666
1 0.4696354166666667 0.47472222222222227 0.04510416666666666 0.0894537037037037
1 0.5168177083333333 0.4687962962962963 0.045723958333333335 0.10723148148148148
1 0.47828125 0.41249074074074077 0.03114583333333333 0.05387037037037037
0 0.39807812499999995 0.4191574074074074 0.024911458333333334 0.03757407407407407
0 0.48473958333333333 0.40526851851851853 0.02322916666666667 0.03572222222222222
0 0.5144270833333333 0.4384166666666667 0.030515625 0.04647222222222222
0 0.9890729166666666 0.40619444444444447 0.019395833333333334 0.048685185185185186