1 0.39641145833333336 0.5586296296296297 0.054906250000000004 0.23875000000000002
1 0.9388697916666667 0.21006481481481482 0.02315625 0.11198148148148147
1 0.9685520833333333 0.44416666666666665 0.030442708333333336 0.15056481481481482
1 0.48359375 0.4323148148148148 0.0271875 0.12685185185185185
1 0.5180677083333334 0.43398148148148147 0.034890624999999995 0.14129629629629628
1 0.4700520833333333 0.5845555555555556 0.07927083333333333 0.1424537037037037
0 0.413390625 0.4684259259259259 0.024281249999999997 0.03981481481481482
1 0.4586979166666667 0.4699074074074074 0.033651041666666666 0.08722222222222223
0 0.9716770833333332 0.40137962962962964 0.015859375 0.03164814814814815
0 0.47192708333333333 0.5360277777777778 0.028854166666666667 0.037981481481481484
0 0.48630208333333336 0.3919351851851852 0.020104166666666666 0.038685185185185184
0 0.5193229166666666 0.3845277777777778 0.017390625 0.038675925925925926