1 0.9663645833333334 0.23469444444444446 0.028151041666666664 0.1279074074074074
1 0.9696979166666666 0.44453703703703706 0.0348125 0.1438888888888889
1 0.4013072916666667 0.556962962962963 0.05844791666666667 0.22430555555555556
1 0.47463541666666664 0.5797407407407408 0.07177083333333334 0.14022222222222222
0 0.42057812499999997 0.46749999999999997 0.01990625 0.041666666666666664
1 0.4591145833333333 0.46416666666666667 0.034484375 0.08685185185185185
1 0.4808854166666666 0.43194444444444446 0.0259375 0.1335185185185185
1 0.5182760416666666 0.4260185185185185 0.044473958333333334 0.13648148148148148
0 0.46984375 0.5295462962962962 0.02469270833333333 0.036120370370370365
0 0.48557291666666663 0.3930462962962963 0.0165625 0.0335
0 0.5172395833333333 0.3815648148148148 0.021557291666666666 0.032749999999999994
0 0.96896875 0.3943425925925926 0.014609375 0.024972222222222222