1 0.39359895833333336 0.5612314814814815 0.055531250000000004 0.23652777777777775
0 0.41016145833333334 0.47009259259259256 0.024072916666666666 0.03944444444444445
1 0.47348958333333335 0.5795555555555555 0.06739583333333334 0.12874074074074074
0 0.4697395833333333 0.5262129629629629 0.026567708333333332 0.036861111111111115
1 0.4619270833333333 0.4734259259259259 0.025526041666666666 0.08314814814814815
1 0.48515625 0.439537037037037 0.022395833333333334 0.145
0 0.4897395833333333 0.40656481481481477 0.0165625 0.04201851851851852
1 0.5183802083333333 0.4356481481481482 0.034265625 0.14092592592592593
0 0.5175520833333334 0.38637962962962963 0.015932291666666668 0.034972222222222224
1 0.9665729166666667 0.4486111111111111 0.032734375 0.1594537037037037
0 0.97271875 0.4015648148148148 0.013776041666666666 0.028314814814814813
1 0.9259531249999999 0.20395370370370372 0.022322916666666668 0.11826851851851852